15 15
91 114 75 145 149 250 31 103 88 123 27 120 187 140 52 
108 23 43 126 51 9 107 29 20 221 18 41 178 245 159 
187 53 7 107 96 82 70 2 171 2 36 84 135 187 92 
176 30 199 230 178 61 48 211 208 143 178 207 79 196 217 
26 6 117 170 4 245 63 93 108 44 163 19 6 220 131 
7 210 228 154 213 96 102 254 63 34 25 215 168 23 207 
131 254 198 215 164 6 141 150 147 26 242 199 237 131 240 
102 22 248 74 26 3 138 145 132 120 97 126 8 86 166 
178 68 73 127 56 180 182 152 3 149 184 42 204 9 172 
104 203 99 132 204 137 33 69 140 19 131 38 239 56 180 
163 249 88 222 98 150 58 155 115 188 70 189 162 33 1 
113 141 52 196 139 241 68 37 89 215 166 7 200 179 26 
21 68 167 53 226 167 193 232 133 79 212 163 101 157 233 
122 17 114 224 129 247 35 84 120 51 91 149 127 150 19 
217 253 145 45 205 179 107 76 214 48 230 218 8 135 25 
6 6
201 159 87 63 240 244 
231 32 222 76 5 255 
10 5 248 139 47 64 
167 76 138 177 107 159 
188 122 154 165 205 22 
222 149 148 85 129 57 
5 5
201 159 87 63 240  
231 32 222 76 5  
10 5 248 139 47 
167 76 138 177 107 
188 122 154 165 205 